# oST version 5.0 parameters


[image]

width
640

height
480

[narrow_stereo]

camera matrix
613.980979 0.000000 324.264471
0.000000 612.934784 243.429738
0.000000 0.000000 1.000000

distortion
0.081550 -0.131092 -0.001882 0.001948 0.000000

rectification
1.000000 0.000000 0.000000
0.000000 1.000000 0.000000
0.000000 0.000000 1.000000

projection
622.290039 0.000000 325.325720 0.000000
0.000000 621.610840 242.745986 0.000000
0.000000 0.000000 1.000000 0.000000

