image_width: 640
image_height: 480
camera_name: narrow_stereo
camera_matrix:
  rows: 3
  cols: 3
  data: [613.980979, 0.000000, 324.264471, 0.000000, 612.934784, 243.429738, 0.000000, 0.000000, 1.000000]
distortion_model: plumb_bob
distortion_coefficients:
  rows: 1
  cols: 5
  data: [0.081550, -0.131092, -0.001882, 0.001948, 0.000000]
rectification_matrix:
  rows: 3
  cols: 3
  data: [1.000000, 0.000000, 0.000000, 0.000000, 1.000000, 0.000000, 0.000000, 0.000000, 1.000000]
projection_matrix:
  rows: 3
  cols: 4
  data: [622.290039, 0.000000, 325.325720, 0.000000, 0.000000, 621.610840, 242.745986, 0.000000, 0.000000, 0.000000, 1.000000, 0.000000]
